· 1 ⁷⁵ )'
1111111111111111111,111111111111 11111111 6666 11 Ρη11-
11111 (111 11111111).811111111111111111111111111111111
111111 11111111 pour 1111111111 111111 1’” 1111111111. qu ’111
11111111 Aristophane 11 11111 3111111111 66 1’ 6111111111,
11· 111111 31111111· 111 1111111 1111111111 66 66666611‘66666

, 11111111111111113111Ιυί11111111,111111111111111·,

(1111111111113111111111111131111 11 1111111111111111111 y

1,(1111111111131111111111111161111111111111111111111111 .

3111131113ιηί 1111111111 mim 1111111 11111 1111111111
666 1161111111 respit (111 11111113 1111111111311111111

’ XV 11 111111111111111111111111 111111 8111111111 811111-
,1111131111111111111 1111617 1111 1111111111).111111

111 (111131111111113111111 11113131 1111111 11111 1111111
11111111 111· matutinus, 11 1111 1111111111111111.

, 1111111111 1111111111 1111311 11113111,111111111’1113111
qu’il 11111111 111111 11111111111111111111161111 11111111
6666 3111111111 1111111111 pas 11111111311111111111111,

qui 6⁹6 [1111111111 11131111 11111111111111111111111111
111111111111111111, 13111111 111111 1111 1111111111 111

. 1111111111 31111111 1111 Ν1111.Α11111111111111111111111

1111111111 dans un 1111111111 111111, et 11 d6velppp6' 111
’ l⁹6ppliqua6t6socr6te 111111111111111111111111111111
· 11.1’1111111111311’11 1111111 supper: si 11111111111111611
un 1111111 1111111111, 11 1111111111 8111111111113111 pour
111111111111111111 sophistes: 1111111111 11111,11111
1111111111 1111111111 31111111 111111, 6 1111111111 11 11111111
11111 (11· 5111111. Mais Aristophane 11111 1111 1111113111,

11 113111 par 1111131111 (11111 111 1111111111.11111111

(111111, ,111 . ·’
(11111)131113111111 11111111 ’111111111111 1111111

 

